2.70608176e-02 3.25982196e-02 3.84921009e-02 4.47395252e-02 5.13338928e-02 5.82646800e-02 6.55172165e-02 7.30725096e-02 8.09071212e-02 8.89931052e-02 9.72980113e-02 1.05784960e-01 1.14412795e-01 1.23136307e-01 1.31906544e-01 1.40671199e-01 1.49375062e-01 1.57960562e-01 1.66368354e-01 1.74537984e-01 1.82408582e-01 1.89919607e-01 1.97011611e-01 2.03627011e-01 2.09710868e-01 2.15211638e-01 2.20081901e-01 2.24279041e-01 2.27765860e-01 2.30511137e-01 2.32490082e-01 2.33684718e-01 2.34084147e-01 2.33684718e-01 2.32490082e-01 2.30511137e-01 2.27765860e-01 2.24279041e-01 2.20081901e-01 2.15211638e-01 2.09710868e-01 2.03627011e-01 1.97011611e-01 1.89919607e-01 1.82408582e-01 1.74537984e-01 1.66368354e-01 1.57960562e-01 1.49375062e-01 1.40671199e-01 1.31906544e-01 1.23136307e-01 1.14412795e-01 1.05784960e-01 9.72980113e-02 8.89931052e-02 8.09071212e-02 7.30725096e-02 6.55172165e-02 5.82646800e-02 5.13338928e-02 4.47395252e-02 3.84921009e-02 3.25982196e-02
3.25982196e-02 3.86947915e-02 4.51837987e-02 5.20620087e-02 5.93221559e-02 6.69526545e-02 7.49373541e-02 8.32553457e-02 9.18808259e-02 1.00783029e-01 1.09926230e-01 1.19269830e-01 1.28768516e-01 1.38372520e-01 1.48027952e-01 1.57677223e-01 1.67259555e-01 1.76711566e-01 1.85967926e-01 1.94962078e-01 2.03627011e-01 2.11896076e-01 2.19703826e-01 2.26986867e-01 2.33684718e-01 2.39740633e-01 2.45102408e-01 2.49723125e-01 2.53561835e-01 2.56584165e-01 2.58762825e-01 2.60078023e-01 2.60517763e-01 2.60078023e-01 2.58762825e-01 2.56584165e-01 2.53561835e-01 2.49723125e-01 2.45102408e-01 2.39740633e-01 2.33684718e-01 2.26986867e-01 2.19703826e-01 2.11896076e-01 2.03627011e-01 1.94962078e-01 1.85967926e-01 1.76711566e-01 1.67259555e-01 1.57677223e-01 1.48027952e-01 1.38372520e-01 1.28768516e-01 1.19269830e-01 1.09926230e-01 1.00783029e-01 9.18808259e-02 8.32553457e-02 7.49373541e-02 6.69526545e-02 5.93221559e-02 5.20620087e-02 4.51837987e-02 3.86947915e-02
3.84921009e-02 4.51837987e-02 5.23062000e-02 5.98557568e-02 6.78244948e-02 7.61996980e-02 8.49636407e-02 9.40933740e-02 1.03560578e-01 1.13331485e-01 1.23366886e-01 1.33622220e-01 1.44047757e-01 1.54588871e-01 1.65186416e-01 1.75777187e-01 1.86294476e-01 1.96668717e-01 2.06828209e-01 2.16699902e-01 2.26210249e-01 2.35286097e-01 2.43855616e-01 2.51849231e-01 2.59200556e-01 2.65847313e-01 2.71732205e-01 2.76803736e-01 2.81016965e-01 2.84334164e-01 2.86725381e-01 2.88168895e-01 2.88651536e-01 2.88168895e-01 2.86725381e-01 2.84334164e-01 2.81016965e-01 2.76803736e-01 2.71732205e-01 2.65847313e-01 2.59200556e-01 2.51849231e-01 2.43855616e-01 2.35286097e-01 2.26210249e-01 2.16699902e-01 2.06828209e-01 1.96668717e-01 1.86294476e-01 1.75777187e-01 1.65186416e-01 1.54588871e-01 1.44047757e-01 1.33622220e-01 1.23366886e-01 1.13331485e-01 1.03560578e-01 9.40933740e-02 8.49636407e-02 7.61996980e-02 6.78244948e-02 5.98557568e-02 5.23062000e-02 4.51837987e-02
4.47395252e-02 5.20620087e-02 5.98557568e-02 6.81168873e-02 7.68366746e-02 8.60012049e-02 9.55910826e-02 1.05581197e-01 1.15940560e-01 1.26632223e-01 1.37613284e-01 1.48834984e-01 1.60242907e-01 1.71777284e-01 1.83373394e-01 1.94962078e-01 2.06470346e-01 2.17822078e-01 2.28938817e-01 2.39740633e-01 2.50147049e-01 2.60078023e-01 2.69454957e-01 2.78201721e-01 2.86245677e-01 2.93518679e-01 2.99958033e-01 3.05507392e-01 3.10117581e-01 3.13747316e-01 3.16363827e-01 3.17943344e-01 3.18471458e-01 3.17943344e-01 3.16363827e-01 3.13747316e-01 3.10117581e-01 3.05507392e-01 2.99958033e-01 2.93518679e-01 2.86245677e-01 2.78201721e-01 2.69454957e-01 2.60078023e-01 2.50147049e-01 2.39740633e-01 2.28938817e-01 2.17822078e-01 2.06470346e-01 1.94962078e-01 1.83373394e-01 1.71777284e-01 1.60242907e-01 1.48834984e-01 1.37613284e-01 1.26632223e-01 1.15940560e-01 1.05581197e-01 9.55910826e-02 8.60012049e-02 7.68366746e-02 6.81168873e-02 5.98557568e-02 5.20620087e-02
5.13338928e-02 5.93221559e-02 6.78244948e-02 7.68366746e-02 8.63491768e-02 9.63468233e-02 1.06808456e-01 1.17706682e-01 1.29007699e-01 1.40671199e-01 1.52650382e-01 1.64892058e-01 1.77336867e-01 1.89919607e-01 2.02569679e-01 2.15211638e-01 2.27765860e-01 2.40149311e-01 2.52276402e-01 2.64059940e-01 2.75412137e-01 2.86245677e-01 2.96474818e-01 3.06016514e-01 3.14791526e-01 3.22725515e-01 3.29750090e-01 3.35803785e-01 3.40832954e-01 3.44792566e-01 3.47646869e-01 3.49369934e-01 3.49946044e-01 3.49369934e-01 3.47646869e-01 3.44792566e-01 3.40832954e-01 3.35803785e-01 3.29750090e-01 3.22725515e-01 3.14791526e-01 3.06016514e-01 2.96474818e-01 2.86245677e-01 2.75412137e-01 2.64059940e-01 2.52276402e-01 2.40149311e-01 2.27765860e-01 2.15211638e-01 2.02569679e-01 1.89919607e-01 1.77336867e-01 1.64892058e-01 1.52650382e-01 1.40671199e-01 1.29007699e-01 1.17706682e-01 1.06808456e-01 9.63468233e-02 8.63491768e-02 7.68366746e-02 6.78244948e-02 5.93221559e-02
5.82646800e-02 6.69526545e-02 7.61996980e-02 8.60012049e-02 9.63468233e-02 1.07220046e-01 1.18597864e-01 1.30450485e-01 1.42741146e-01 1.55426013e-01 1.68454188e-01 1.81767824e-01 1.95302365e-01 2.08986900e-01 2.22744650e-01 2.36493564e-01 2.50147049e-01 2.63614800e-01 2.76803736e-01 2.89619032e-01 3.01965212e-01 3.13747316e-01 3.24872098e-01 3.35249240e-01 3.44792566e-01 3.53421230e-01 3.61060852e-01 3.67644587e-01 3.73114091e-01 3.77420390e-01 3.80524605e-01 3.82398534e-01 3.83025086e-01 3.82398534e-01 3.80524605e-01 3.77420390e-01 3.73114091e-01 3.67644587e-01 3.61060852e-01 3.53421230e-01 3.44792566e-01 3.35249240e-01 3.24872098e-01 3.13747316e-01 3.01965212e-01 2.89619032e-01 2.76803736e-01 2.63614800e-01 2.50147049e-01 2.36493564e-01 2.22744650e-01 2.08986900e-01 1.95302365e-01 1.81767824e-01 1.68454188e-01 1.55426013e-01 1.42741146e-01 1.30450485e-01 1.18597864e-01 1.07220046e-01 9.63468233e-02 8.60012049e-02 7.61996980e-02 6.69526545e-02
6.55172165e-02 7.49373541e-02 8.49636407e-02 9.55910826e-02 1.06808456e-01 1.18597864e-01 1.30934357e-01 1.43785636e-01 1.57111841e-01 1.70865445e-01 1.84991262e-01 1.99426574e-01 2.14101387e-01 2.28938817e-01 2.43855616e-01 2.58762825e-01 2.73566555e-01 2.88168895e-01 3.02468924e-01 3.16363827e-01 3.29750090e-01 3.42524753e-01 3.54586714e-01 3.65838048e-01 3.76185322e-01 3.85540878e-01 3.93824074e-01 4.00962430e-01 4.06892692e-01 4.11561758e-01 4.14927474e-01 4.16959265e-01 4.17638598e-01 4.16959265e-01 4.14927474e-01 4.11561758e-01 4.06892692e-01 4.00962430e-01 3.93824074e-01 3.85540878e-01 3.76185322e-01 3.65838048e-01 3.54586714e-01 3.42524753e-01 3.29750090e-01 3.16363827e-01 3.02468924e-01 2.88168895e-01 2.73566555e-01 2.58762825e-01 2.43855616e-01 2.28938817e-01 2.14101387e-01 1.99426574e-01 1.84991262e-01 1.70865445e-01 1.57111841e-01 1.43785636e-01 1.30934357e-01 1.18597864e-01 1.06808456e-01 9.55910826e-02 8.49636407e-02 7.49373541e-02
7.30725096e-02 8.32553457e-02 9.40933740e-02 1.05581197e-01 1.17706682e-01 1.30450485e-01 1.43785636e-01 1.57677223e-01 1.72082159e-01 1.86949072e-01 2.02218309e-01 2.17822078e-01 2.33684718e-01 2.49723125e-01 2.65847313e-01 2.81961123e-01 2.97963070e-01 3.13747316e-01 3.29204776e-01 3.44224314e-01 3.58694036e-01 3.72502652e-01 3.85540878e-01 3.97702864e-01 4.08887614e-01 4.19000379e-01 4.27953987e-01 4.35670096e-01 4.42080331e-01 4.47127294e-01 4.50765417e-01 4.52961654e-01 4.53695970e-01 4.52961654e-01 4.50765417e-01 4.47127294e-01 4.42080331e-01 4.35670096e-01 4.27953987e-01 4.19000379e-01 4.08887614e-01 3.97702864e-01 3.85540878e-01 3.72502652e-01 3.58694036e-01 3.44224314e-01 3.29204776e-01 3.13747316e-01 2.97963070e-01 2.81961123e-01 2.65847313e-01 2.49723125e-01 2.33684718e-01 2.17822078e-01 2.02218309e-01 1.86949072e-01 1.72082159e-01 1.57677223e-01 1.43785636e-01 1.30450485e-01 1.17706682e-01 1.05581197e-01 9.40933740e-02 8.32553457e-02
8.09071212e-02 9.18808259e-02 1.03560578e-01 1.15940560e-01 1.29007699e-01 1.42741146e-01 1.57111841e-01 1.72082159e-01 1.87605669e-01 2.03627011e-01 2.20081901e-01 2.36897283e-01 2.53991622e-01 2.71275364e-01 2.88651536e-01 3.06016514e-01 3.23260933e-01 3.40270741e-01 3.56928381e-01 3.73114091e-01 3.88707291e-01 4.03588049e-01 4.17638598e-01 4.30744870e-01 4.42798029e-01 4.53695970e-01 4.63344753e-01 4.71659954e-01 4.78567890e-01 4.84006706e-01 4.87927299e-01 4.90294054e-01 4.91085383e-01 4.90294054e-01 4.87927299e-01 4.84006706e-01 4.78567890e-01 4.71659954e-01 4.63344753e-01 4.53695970e-01 4.42798029e-01 4.30744870e-01 4.17638598e-01 4.03588049e-01 3.88707291e-01 3.73114091e-01 3.56928381e-01 3.40270741e-01 3.23260933e-01 3.06016514e-01 2.88651536e-01 2.71275364e-01 2.53991622e-01 2.36897283e-01 2.20081901e-01 2.03627011e-01 1.87605669e-01 1.72082159e-01 1.57111841e-01 1.42741146e-01 1.29007699e-01 1.15940560e-01 1.03560578e-01 9.18808259e-02
8.89931052e-02 1.00783029e-01 1.13331485e-01 1.26632223e-01 1.40671199e-01 1.55426013e-01 1.70865445e-01 1.86949072e-01 2.03627011e-01 2.20839786e-01 2.38518334e-01 2.56584165e-01 2.74949685e-01 2.93518679e-01 3.12186966e-01 3.30843216e-01 3.49369934e-01 3.67644587e-01 3.85540878e-01 4.02930141e-01 4.19682829e-01 4.35670096e-01 4.50765417e-01 4.64846244e-01 4.77795648e-01 4.89503931e-01 4.99870173e-01 5.08803669e-01 5.16225259e-01 5.22068489e-01 5.26280606e-01 5.28823346e-01 5.29673516e-01 5.28823346e-01 5.26280606e-01 5.22068489e-01 5.16225259e-01 5.08803669e-01 4.99870173e-01 4.89503931e-01 4.77795648e-01 4.64846244e-01 4.50765417e-01 4.35670096e-01 4.19682829e-01 4.02930141e-01 3.85540878e-01 3.67644587e-01 3.49369934e-01 3.30843216e-01 3.12186966e-01 2.93518679e-01 2.74949685e-01 2.56584165e-01 2.38518334e-01 2.20839786e-01 2.03627011e-01 1.86949072e-01 1.70865445e-01 1.55426013e-01 1.40671199e-01 1.26632223e-01 1.13331485e-01 1.00783029e-01
9.72980113e-02 1.09926230e-01 1.23366886e-01 1.37613284e-01 1.52650382e-01 1.68454188e-01 1.84991262e-01 2.02218309e-01 2.20081901e-01 2.38518334e-01 2.57453635e-01 2.76803736e-01 2.96474818e-01 3.16363827e-01 3.36359176e-01 3.56341624e-01 3.76185322e-01 3.95759029e-01 4.14927474e-01 4.33552841e-01 4.51496379e-01 4.68620082e-01 4.84788433e-01 4.99870173e-01 5.13740062e-01 5.26280606e-01 5.37383710e-01 5.46952224e-01 5.54901361e-01 5.61159944e-01 5.65671469e-01 5.68394953e-01 5.69305555e-01 5.68394953e-01 5.65671469e-01 5.61159944e-01 5.54901361e-01 5.46952224e-01 5.37383710e-01 5.26280606e-01 5.13740062e-01 4.99870173e-01 4.84788433e-01 4.68620082e-01 4.51496379e-01 4.33552841e-01 4.14927474e-01 3.95759029e-01 3.76185322e-01 3.56341624e-01 3.36359176e-01 3.16363827e-01 2.96474818e-01 2.76803736e-01 2.57453635e-01 2.38518334e-01 2.20081901e-01 2.02218309e-01 1.84991262e-01 1.68454188e-01 1.52650382e-01 1.37613284e-01 1.23366886e-01 1.09926230e-01
1.05784960e-01 1.19269830e-01 1.33622220e-01 1.48834984e-01 1.64892058e-01 1.81767824e-01 1.99426574e-01 2.17822078e-01 2.36897283e-01 2.56584165e-01 2.76803736e-01 2.97466229e-01 3.18471458e-01 3.39709384e-01 3.61060852e-01 3.82398534e-01 4.03588049e-01 4.24489255e-01 4.44957707e-01 4.64846244e-01 4.84006706e-01 5.02291728e-01 5.19556603e-01 5.35661171e-01 5.50471699e-01 5.63862727e-01 5.75718828e-01 5.85936265e-01 5.94424499e-01 6.01107529e-01 6.05925018e-01 6.08833204e-01 6.09805561e-01 6.08833204e-01 6.05925018e-01 6.01107529e-01 5.94424499e-01 5.85936265e-01 5.75718828e-01 5.63862727e-01 5.50471699e-01 5.35661171e-01 5.19556603e-01 5.02291728e-01 4.84006706e-01 4.64846244e-01 4.44957707e-01 4.24489255e-01 4.03588049e-01 3.82398534e-01 3.61060852e-01 3.39709384e-01 3.18471458e-01 2.97466229e-01 2.76803736e-01 2.56584165e-01 2.36897283e-01 2.17822078e-01 1.99426574e-01 1.81767824e-01 1.64892058e-01 1.48834984e-01 1.33622220e-01 1.19269830e-01
1.14412795e-01 1.28768516e-01 1.44047757e-01 1.60242907e-01 1.77336867e-01 1.95302365e-01 2.14101387e-01 2.33684718e-01 2.53991622e-01 2.74949685e-01 2.96474818e-01 3.18471458e-01 3.40832954e-01 3.63442160e-01 3.86172229e-01 4.08887614e-01 4.31445257e-01 4.53695970e-01 4.75485980e-01 4.96658629e-01 5.17056189e-01 5.36521783e-01 5.54901361e-01 5.72045714e-01 5.87812477e-01 6.02068088e-01 6.14689669e-01 6.25566786e-01 6.34603056e-01 6.41717569e-01 6.46846094e-01 6.49942045e-01 6.50977181e-01 6.49942045e-01 6.46846094e-01 6.41717569e-01 6.34603056e-01 6.25566786e-01 6.14689669e-01 6.02068088e-01 5.87812477e-01 5.72045714e-01 5.54901361e-01 5.36521783e-01 5.17056189e-01 4.96658629e-01 4.75485980e-01 4.53695970e-01 4.31445257e-01 4.08887614e-01 3.86172229e-01 3.63442160e-01 3.40832954e-01 3.18471458e-01 2.96474818e-01 2.74949685e-01 2.53991622e-01 2.33684718e-01 2.14101387e-01 1.95302365e-01 1.77336867e-01 1.60242907e-01 1.44047757e-01 1.28768516e-01
1.23136307e-01 1.38372520e-01 1.54588871e-01 1.71777284e-01 1.89919607e-01 2.08986900e-01 2.28938817e-01 2.49723125e-01 2.71275364e-01 2.93518679e-01 3.16363827e-01 3.39709384e-01 3.63442160e-01 3.87437826e-01 4.11561758e-01 4.35670096e-01 4.59611013e-01 4.83226171e-01 5.06352370e-01 5.28823346e-01 5.50471699e-01 5.71130934e-01 5.90637555e-01 6.08833204e-01 6.25566786e-01 6.40696552e-01 6.54092087e-01 6.65636187e-01 6.75226559e-01 6.82777332e-01 6.88220336e-01 6.91506129e-01 6.92604740e-01 6.91506129e-01 6.88220336e-01 6.82777332e-01 6.75226559e-01 6.65636187e-01 6.54092087e-01 6.40696552e-01 6.25566786e-01 6.08833204e-01 5.90637555e-01 5.71130934e-01 5.50471699e-01 5.28823346e-01 5.06352370e-01 4.83226171e-01 4.59611013e-01 4.35670096e-01 4.11561758e-01 3.87437826e-01 3.63442160e-01 3.39709384e-01 3.16363827e-01 2.93518679e-01 2.71275364e-01 2.49723125e-01 2.28938817e-01 2.08986900e-01 1.89919607e-01 1.71777284e-01 1.54588871e-01 1.38372520e-01
1.31906544e-01 1.48027952e-01 1.65186416e-01 1.83373394e-01 2.02569679e-01 2.22744650e-01 2.43855616e-01 2.65847313e-01 2.88651536e-01 3.12186966e-01 3.36359176e-01 3.61060852e-01 3.86172229e-01 4.11561758e-01 4.37086994e-01 4.62595724e-01 4.87927299e-01 5.12914187e-01 5.37383710e-01 5.61159944e-01 5.84065769e-01 6.05925018e-01 6.26564699e-01 6.45817257e-01 6.63522821e-01 6.79531407e-01 6.93705029e-01 7.05919673e-01 7.16067106e-01 7.24056468e-01 7.29815631e-01 7.33292280e-01 7.34454704e-01 7.33292280e-01 7.29815631e-01 7.24056468e-01 7.16067106e-01 7.05919673e-01 6.93705029e-01 6.79531407e-01 6.63522821e-01 6.45817257e-01 6.26564699e-01 6.05925018e-01 5.84065769e-01 5.61159944e-01 5.37383710e-01 5.12914187e-01 4.87927299e-01 4.62595724e-01 4.37086994e-01 4.11561758e-01 3.86172229e-01 3.61060852e-01 3.36359176e-01 3.12186966e-01 2.88651536e-01 2.65847313e-01 2.43855616e-01 2.22744650e-01 2.02569679e-01 1.83373394e-01 1.65186416e-01 1.48027952e-01
1.40671199e-01 1.57677223e-01 1.75777187e-01 1.94962078e-01 2.15211638e-01 2.36493564e-01 2.58762825e-01 2.81961123e-01 3.06016514e-01 3.30843216e-01 3.56341624e-01 3.82398534e-01 4.08887614e-01 4.35670096e-01 4.62595724e-01 4.89503931e-01 5.16225259e-01 5.42582983e-01 5.68394953e-01 5.93475595e-01 6.17638072e-01 6.40696552e-01 6.62468554e-01 6.82777332e-01 7.01454244e-01 7.18341079e-01 7.33292280e-01 7.46177031e-01 7.56881160e-01 7.65308826e-01 7.71383942e-01 7.75051322e-01 7.76277518e-01 7.75051322e-01 7.71383942e-01 7.65308826e-01 7.56881160e-01 7.46177031e-01 7.33292280e-01 7.18341079e-01 7.01454244e-01 6.82777332e-01 6.62468554e-01 6.40696552e-01 6.17638072e-01 5.93475595e-01 5.68394953e-01 5.42582983e-01 5.16225259e-01 4.89503931e-01 4.62595724e-01 4.35670096e-01 4.08887614e-01 3.82398534e-01 3.56341624e-01 3.30843216e-01 3.06016514e-01 2.81961123e-01 2.58762825e-01 2.36493564e-01 2.15211638e-01 1.94962078e-01 1.75777187e-01 1.57677223e-01
1.49375062e-01 1.67259555e-01 1.86294476e-01 2.06470346e-01 2.27765860e-01 2.50147049e-01 2.73566555e-01 2.97963070e-01 3.23260933e-01 3.49369934e-01 3.76185322e-01 4.03588049e-01 4.31445257e-01 4.59611013e-01 4.87927299e-01 5.16225259e-01 5.44326680e-01 5.72045714e-01 5.99190802e-01 6.25566786e-01 6.50977181e-01 6.75226559e-01 6.98123014e-01 7.19480671e-01 7.39122180e-01 7.56881160e-01 7.72604537e-01 7.86154738e-01 7.97411696e-01 8.06274619e-01 8.12663491e-01 8.16520278e-01 8.17809802e-01 8.16520278e-01 8.12663491e-01 8.06274619e-01 7.97411696e-01 7.86154738e-01 7.72604537e-01 7.56881160e-01 7.39122180e-01 7.19480671e-01 6.98123014e-01 6.75226559e-01 6.50977181e-01 6.25566786e-01 5.99190802e-01 5.72045714e-01 5.44326680e-01 5.16225259e-01 4.87927299e-01 4.59611013e-01 4.31445257e-01 4.03588049e-01 3.76185322e-01 3.49369934e-01 3.23260933e-01 2.97963070e-01 2.73566555e-01 2.50147049e-01 2.27765860e-01 2.06470346e-01 1.86294476e-01 1.67259555e-01
1.57960562e-01 1.76711566e-01 1.96668717e-01 2.17822078e-01 2.40149311e-01 2.63614800e-01 2.88168895e-01 3.13747316e-01 3.40270741e-01 3.67644587e-01 3.95759029e-01 4.24489255e-01 4.53695970e-01 4.83226171e-01 5.12914187e-01 5.42582983e-01 5.72045714e-01 6.01107529e-01 6.29567589e-01 6.57221285e-01 6.83862613e-01 7.09286678e-01 7.33292280e-01 7.55684540e-01 7.76277518e-01 7.94896772e-01 8.11381814e-01 8.25588407e-01 8.37390669e-01 8.46682925e-01 8.53381283e-01 8.57424899e-01 8.58776889e-01 8.57424899e-01 8.53381283e-01 8.46682925e-01 8.37390669e-01 8.25588407e-01 8.11381814e-01 7.94896772e-01 7.76277518e-01 7.55684540e-01 7.33292280e-01 7.09286678e-01 6.83862613e-01 6.57221285e-01 6.29567589e-01 6.01107529e-01 5.72045714e-01 5.42582983e-01 5.12914187e-01 4.83226171e-01 4.53695970e-01 4.24489255e-01 3.95759029e-01 3.67644587e-01 3.40270741e-01 3.13747316e-01 2.88168895e-01 2.63614800e-01 2.40149311e-01 2.17822078e-01 1.96668717e-01 1.76711566e-01
1.66368354e-01 1.85967926e-01 2.06828209e-01 2.28938817e-01 2.52276402e-01 2.76803736e-01 3.02468924e-01 3.29204776e-01 3.56928381e-01 3.85540878e-01 4.14927474e-01 4.44957707e-01 4.75485980e-01 5.06352370e-01 5.37383710e-01 5.68394953e-01 5.99190802e-01 6.29567589e-01 6.59315389e-01 6.88220336e-01 7.16067106e-01 7.42641532e-01 7.67733311e-01 7.91138749e-01 8.12663491e-01 8.32125204e-01 8.49356137e-01 8.64205529e-01 8.76541802e-01 8.86254500e-01 8.93255935e-01 8.97482510e-01 8.98895673e-01 8.97482510e-01 8.93255935e-01 8.86254500e-01 8.76541802e-01 8.64205529e-01 8.49356137e-01 8.32125204e-01 8.12663491e-01 7.91138749e-01 7.67733311e-01 7.42641532e-01 7.16067106e-01 6.88220336e-01 6.59315389e-01 6.29567589e-01 5.99190802e-01 5.68394953e-01 5.37383710e-01 5.06352370e-01 4.75485980e-01 4.44957707e-01 4.14927474e-01 3.85540878e-01 3.56928381e-01 3.29204776e-01 3.02468924e-01 2.76803736e-01 2.52276402e-01 2.28938817e-01 2.06828209e-01 1.85967926e-01
1.74537984e-01 1.94962078e-01 2.16699902e-01 2.39740633e-01 2.64059940e-01 2.89619032e-01 3.16363827e-01 3.44224314e-01 3.73114091e-01 4.02930141e-01 4.33552841e-01 4.64846244e-01 4.96658629e-01 5.28823346e-01 5.61159944e-01 5.93475595e-01 6.25566786e-01 6.57221285e-01 6.88220336e-01 7.18341079e-01 7.47359132e-01 7.75051322e-01 8.01198502e-01 8.25588407e-01 8.48018511e-01 8.68298810e-01 8.86254500e-01 9.01728477e-01 9.14583629e-01 9.24704855e-01 9.32000779e-01 9.36405128e-01 9.37877731e-01 9.36405128e-01 9.32000779e-01 9.24704855e-01 9.14583629e-01 9.01728477e-01 8.86254500e-01 8.68298810e-01 8.48018511e-01 8.25588407e-01 8.01198502e-01 7.75051322e-01 7.47359132e-01 7.18341079e-01 6.88220336e-01 6.57221285e-01 6.25566786e-01 5.93475595e-01 5.61159944e-01 5.28823346e-01 4.96658629e-01 4.64846244e-01 4.33552841e-01 4.02930141e-01 3.73114091e-01 3.44224314e-01 3.16363827e-01 2.89619032e-01 2.64059940e-01 2.39740633e-01 2.16699902e-01 1.94962078e-01
1.82408582e-01 2.03627011e-01 2.26210249e-01 2.50147049e-01 2.75412137e-01 3.01965212e-01 3.29750090e-01 3.58694036e-01 3.88707291e-01 4.19682829e-01 4.51496379e-01 4.84006706e-01 5.17056189e-01 5.50471699e-01 5.84065769e-01 6.17638072e-01 6.50977181e-01 6.83862613e-01 7.16067106e-01 7.47359132e-01 7.77505587e-01 8.06274619e-01 8.33438558e-01 8.58776889e-01 8.82079208e-01 9.03148124e-01 9.21802036e-01 9.37877731e-01 9.51232765e-01 9.61747562e-01 9.69327194e-01 9.73902810e-01 9.75432675e-01 9.73902810e-01 9.69327194e-01 9.61747562e-01 9.51232765e-01 9.37877731e-01 9.21802036e-01 9.03148124e-01 8.82079208e-01 8.58776889e-01 8.33438558e-01 8.06274619e-01 7.77505587e-01 7.47359132e-01 7.16067106e-01 6.83862613e-01 6.50977181e-01 6.17638072e-01 5.84065769e-01 5.50471699e-01 5.17056189e-01 4.84006706e-01 4.51496379e-01 4.19682829e-01 3.88707291e-01 3.58694036e-01 3.29750090e-01 3.01965212e-01 2.75412137e-01 2.50147049e-01 2.26210249e-01 2.03627011e-01
1.89919607e-01 2.11896076e-01 2.35286097e-01 2.60078023e-01 2.86245677e-01 3.13747316e-01 3.42524753e-01 3.72502652e-01 4.03588049e-01 4.35670096e-01 4.68620082e-01 5.02291728e-01 5.36521783e-01 5.71130934e-01 6.05925018e-01 6.40696552e-01 6.75226559e-01 7.09286678e-01 7.42641532e-01 7.75051322e-01 8.06274619e-01 8.36071288e-01 8.64205529e-01 8.90448949e-01 9.14583629e-01 9.36405128e-01 9.55725358e-01 9.72375276e-01 9.86207352e-01 9.97097737e-01 1.00494811e+00 1.00968717e+00 1.01127168e+00 1.00968717e+00 1.00494811e+00 9.97097737e-01 9.86207352e-01 9.72375276e-01 9.55725358e-01 9.36405128e-01 9.14583629e-01 8.90448949e-01 8.64205529e-01 8.36071288e-01 8.06274619e-01 7.75051322e-01 7.42641532e-01 7.09286678e-01 6.75226559e-01 6.40696552e-01 6.05925018e-01 5.71130934e-01 5.36521783e-01 5.02291728e-01 4.68620082e-01 4.35670096e-01 4.03588049e-01 3.72502652e-01 3.42524753e-01 3.13747316e-01 2.86245677e-01 2.60078023e-01 2.35286097e-01 2.11896076e-01
1.97011611e-01 2.19703826e-01 2.43855616e-01 2.69454957e-01 2.96474818e-01 3.24872098e-01 3.54586714e-01 3.85540878e-01 4.17638598e-01 4.50765417e-01 4.84788433e-01 5.19556603e-01 5.54901361e-01 5.90637555e-01 6.26564699e-01 6.62468554e-01 6.98123014e-01 7.33292280e-01 7.67733311e-01 8.01198502e-01 8.33438558e-01 8.64205529e-01 8.93255935e-01 9.20353945e-01 9.45274545e-01 9.67806638e-01 9.87756009e-01 1.00494811e+00 1.01923061e+00 1.03047563e+00 1.03858164e+00 1.04347502e+00 1.04511113e+00 1.04347502e+00 1.03858164e+00 1.03047563e+00 1.01923061e+00 1.00494811e+00 9.87756009e-01 9.67806638e-01 9.45274545e-01 9.20353945e-01 8.93255935e-01 8.64205529e-01 8.33438558e-01 8.01198502e-01 7.67733311e-01 7.33292280e-01 6.98123014e-01 6.62468554e-01 6.26564699e-01 5.90637555e-01 5.54901361e-01 5.19556603e-01 4.84788433e-01 4.50765417e-01 4.17638598e-01 3.85540878e-01 3.54586714e-01 3.24872098e-01 2.96474818e-01 2.69454957e-01 2.43855616e-01 2.19703826e-01
2.03627011e-01 2.26986867e-01 2.51849231e-01 2.78201721e-01 3.06016514e-01 3.35249240e-01 3.65838048e-01 3.97702864e-01 4.30744870e-01 4.64846244e-01 4.99870173e-01 5.35661171e-01 5.72045714e-01 6.08833204e-01 6.45817257e-01 6.82777332e-01 7.19480671e-01 7.55684540e-01 7.91138749e-01 8.25588407e-01 8.58776889e-01 8.90448949e-01 9.20353945e-01 9.48249109e-01 9.73902810e-01 9.97097737e-01 1.01763397e+00 1.03533182e+00 1.05003447e+00 1.06161028e+00 1.06995476e+00 1.07499208e+00 1.07667632e+00 1.07499208e+00 1.06995476e+00 1.06161028e+00 1.05003447e+00 1.03533182e+00 1.01763397e+00 9.97097737e-01 9.73902810e-01 9.48249109e-01 9.20353945e-01 8.90448949e-01 8.58776889e-01 8.25588407e-01 7.91138749e-01 7.55684540e-01 7.19480671e-01 6.82777332e-01 6.45817257e-01 6.08833204e-01 5.72045714e-01 5.35661171e-01 4.99870173e-01 4.64846244e-01 4.30744870e-01 3.97702864e-01 3.65838048e-01 3.35249240e-01 3.06016514e-01 2.78201721e-01 2.51849231e-01 2.26986867e-01
2.09710868e-01 2.33684718e-01 2.59200556e-01 2.86245677e-01 3.14791526e-01 3.44792566e-01 3.76185322e-01 4.08887614e-01 4.42798029e-01 4.77795648e-01 5.13740062e-01 5.50471699e-01 5.87812477e-01 6.25566786e-01 6.63522821e-01 7.01454244e-01 7.39122180e-01 7.76277518e-01 8.12663491e-01 8.48018511e-01 8.82079208e-01 9.14583629e-01 9.45274545e-01 9.73902810e-01 1.00023070e+00 1.02403520e+00 1.04511113e+00 1.06327409e+00 1.07836314e+00 1.09024317e+00 1.09880693e+00 1.10397664e+00 1.10570515e+00 1.10397664e+00 1.09880693e+00 1.09024317e+00 1.07836314e+00 1.06327409e+00 1.04511113e+00 1.02403520e+00 1.00023070e+00 9.73902810e-01 9.45274545e-01 9.14583629e-01 8.82079208e-01 8.48018511e-01 8.12663491e-01 7.76277518e-01 7.39122180e-01 7.01454244e-01 6.63522821e-01 6.25566786e-01 5.87812477e-01 5.50471699e-01 5.13740062e-01 4.77795648e-01 4.42798029e-01 4.08887614e-01 3.76185322e-01 3.44792566e-01 3.14791526e-01 2.86245677e-01 2.59200556e-01 2.33684718e-01
2.15211638e-01 2.39740633e-01 2.65847313e-01 2.93518679e-01 3.22725515e-01 3.53421230e-01 3.85540878e-01 4.19000379e-01 4.53695970e-01 4.89503931e-01 5.26280606e-01 5.63862727e-01 6.02068088e-01 6.40696552e-01 6.79531407e-01 7.18341079e-01 7.56881160e-01 7.94896772e-01 8.32125204e-01 8.68298810e-01 9.03148124e-01 9.36405128e-01 9.67806638e-01 9.97097737e-01 1.02403520e+00 1.04839085e+00 1.06995476e+00 1.08853824e+00 1.10397664e+00 1.11613174e+00 1.12489378e+00 1.13018318e+00 1.13195171e+00 1.13018318e+00 1.12489378e+00 1.11613174e+00 1.10397664e+00 1.08853824e+00 1.06995476e+00 1.04839085e+00 1.02403520e+00 9.97097737e-01 9.67806638e-01 9.36405128e-01 9.03148124e-01 8.68298810e-01 8.32125204e-01 7.94896772e-01 7.56881160e-01 7.18341079e-01 6.79531407e-01 6.40696552e-01 6.02068088e-01 5.63862727e-01 5.26280606e-01 4.89503931e-01 4.53695970e-01 4.19000379e-01 3.85540878e-01 3.53421230e-01 3.22725515e-01 2.93518679e-01 2.65847313e-01 2.39740633e-01
2.20081901e-01 2.45102408e-01 2.71732205e-01 2.99958033e-01 3.29750090e-01 3.61060852e-01 3.93824074e-01 4.27953987e-01 4.63344753e-01 4.99870173e-01 5.37383710e-01 5.75718828e-01 6.14689669e-01 6.54092087e-01 6.93705029e-01 7.33292280e-01 7.72604537e-01 8.11381814e-01 8.49356137e-01 8.86254500e-01 9.21802036e-01 9.55725358e-01 9.87756009e-01 1.01763397e+00 1.04511113e+00 1.06995476e+00 1.09195070e+00 1.11090651e+00 1.12665422e+00 1.13905285e+00 1.14799044e+00 1.15338582e+00 1.15518977e+00 1.15338582e+00 1.14799044e+00 1.13905285e+00 1.12665422e+00 1.11090651e+00 1.09195070e+00 1.06995476e+00 1.04511113e+00 1.01763397e+00 9.87756009e-01 9.55725358e-01 9.21802036e-01 8.86254500e-01 8.49356137e-01 8.11381814e-01 7.72604537e-01 7.33292280e-01 6.93705029e-01 6.54092087e-01 6.14689669e-01 5.75718828e-01 5.37383710e-01 4.99870173e-01 4.63344753e-01 4.27953987e-01 3.93824074e-01 3.61060852e-01 3.29750090e-01 2.99958033e-01 2.71732205e-01 2.45102408e-01
2.24279041e-01 2.49723125e-01 2.76803736e-01 3.05507392e-01 3.35803785e-01 3.67644587e-01 4.00962430e-01 4.35670096e-01 4.71659954e-01 5.08803669e-01 5.46952224e-01 5.85936265e-01 6.25566786e-01 6.65636187e-01 7.05919673e-01 7.46177031e-01 7.86154738e-01 8.25588407e-01 8.64205529e-01 9.01728477e-01 9.37877731e-01 9.72375276e-01 1.00494811e+00 1.03533182e+00 1.06327409e+00 1.08853824e+00 1.11090651e+00 1.13018318e+00 1.14619746e+00 1.15880595e+00 1.16789483e+00 1.17338154e+00 1.17521603e+00 1.17338154e+00 1.16789483e+00 1.15880595e+00 1.14619746e+00 1.13018318e+00 1.11090651e+00 1.08853824e+00 1.06327409e+00 1.03533182e+00 1.00494811e+00 9.72375276e-01 9.37877731e-01 9.01728477e-01 8.64205529e-01 8.25588407e-01 7.86154738e-01 7.46177031e-01 7.05919673e-01 6.65636187e-01 6.25566786e-01 5.85936265e-01 5.46952224e-01 5.08803669e-01 4.71659954e-01 4.35670096e-01 4.00962430e-01 3.67644587e-01 3.35803785e-01 3.05507392e-01 2.76803736e-01 2.49723125e-01
2.27765860e-01 2.53561835e-01 2.81016965e-01 3.10117581e-01 3.40832954e-01 3.73114091e-01 4.06892692e-01 4.42080331e-01 4.78567890e-01 5.16225259e-01 5.54901361e-01 5.94424499e-01 6.34603056e-01 6.75226559e-01 7.16067106e-01 7.56881160e-01 7.97411696e-01 8.37390669e-01 8.76541802e-01 9.14583629e-01 9.51232765e-01 9.86207352e-01 1.01923061e+00 1.05003447e+00 1.07836314e+00 1.10397664e+00 1.12665422e+00 1.14619746e+00 1.16243319e+00 1.17521603e+00 1.18443059e+00 1.18999317e+00 1.19185303e+00 1.18999317e+00 1.18443059e+00 1.17521603e+00 1.16243319e+00 1.14619746e+00 1.12665422e+00 1.10397664e+00 1.07836314e+00 1.05003447e+00 1.01923061e+00 9.86207352e-01 9.51232765e-01 9.14583629e-01 8.76541802e-01 8.37390669e-01 7.97411696e-01 7.56881160e-01 7.16067106e-01 6.75226559e-01 6.34603056e-01 5.94424499e-01 5.54901361e-01 5.16225259e-01 4.78567890e-01 4.42080331e-01 4.06892692e-01 3.73114091e-01 3.40832954e-01 3.10117581e-01 2.81016965e-01 2.53561835e-01
2.30511137e-01 2.56584165e-01 2.84334164e-01 3.13747316e-01 3.44792566e-01 3.77420390e-01 4.11561758e-01 4.47127294e-01 4.84006706e-01 5.22068489e-01 5.61159944e-01 6.01107529e-01 6.41717569e-01 6.82777332e-01 7.24056468e-01 7.65308826e-01 8.06274619e-01 8.46682925e-01 8.86254500e-01 9.24704855e-01 9.61747562e-01 9.97097737e-01 1.03047563e+00 1.06161028e+00 1.09024317e+00 1.11613174e+00 1.13905285e+00 1.15880595e+00 1.17521603e+00 1.18813615e+00 1.19744967e+00 1.20307198e+00 1.20495181e+00 1.20307198e+00 1.19744967e+00 1.18813615e+00 1.17521603e+00 1.15880595e+00 1.13905285e+00 1.11613174e+00 1.09024317e+00 1.06161028e+00 1.03047563e+00 9.97097737e-01 9.61747562e-01 9.24704855e-01 8.86254500e-01 8.46682925e-01 8.06274619e-01 7.65308826e-01 7.24056468e-01 6.82777332e-01 6.41717569e-01 6.01107529e-01 5.61159944e-01 5.22068489e-01 4.84006706e-01 4.47127294e-01 4.11561758e-01 3.77420390e-01 3.44792566e-01 3.13747316e-01 2.84334164e-01 2.56584165e-01
2.32490082e-01 2.58762825e-01 2.86725381e-01 3.16363827e-01 3.47646869e-01 3.80524605e-01 4.14927474e-01 4.50765417e-01 4.87927299e-01 5.26280606e-01 5.65671469e-01 6.05925018e-01 6.46846094e-01 6.88220336e-01 7.29815631e-01 7.71383942e-01 8.12663491e-01 8.53381283e-01 8.93255935e-01 9.32000779e-01 9.69327194e-01 1.00494811e+00 1.03858164e+00 1.06995476e+00 1.09880693e+00 1.12489378e+00 1.14799044e+00 1.16789483e+00 1.18443059e+00 1.19744967e+00 1.20683451e+00 1.21249989e+00 1.21439411e+00 1.21249989e+00 1.20683451e+00 1.19744967e+00 1.18443059e+00 1.16789483e+00 1.14799044e+00 1.12489378e+00 1.09880693e+00 1.06995476e+00 1.03858164e+00 1.00494811e+00 9.69327194e-01 9.32000779e-01 8.93255935e-01 8.53381283e-01 8.12663491e-01 7.71383942e-01 7.29815631e-01 6.88220336e-01 6.46846094e-01 6.05925018e-01 5.65671469e-01 5.26280606e-01 4.87927299e-01 4.50765417e-01 4.14927474e-01 3.80524605e-01 3.47646869e-01 3.16363827e-01 2.86725381e-01 2.58762825e-01
2.33684718e-01 2.60078023e-01 2.88168895e-01 3.17943344e-01 3.49369934e-01 3.82398534e-01 4.16959265e-01 4.52961654e-01 4.90294054e-01 5.28823346e-01 5.68394953e-01 6.08833204e-01 6.49942045e-01 6.91506129e-01 7.33292280e-01 7.75051322e-01 8.16520278e-01 8.57424899e-01 8.97482510e-01 9.36405128e-01 9.73902810e-01 1.00968717e+00 1.04347502e+00 1.07499208e+00 1.10397664e+00 1.13018318e+00 1.15338582e+00 1.17338154e+00 1.18999317e+00 1.20307198e+00 1.21249989e+00 1.21819125e+00 1.22009417e+00 1.21819125e+00 1.21249989e+00 1.20307198e+00 1.18999317e+00 1.17338154e+00 1.15338582e+00 1.13018318e+00 1.10397664e+00 1.07499208e+00 1.04347502e+00 1.00968717e+00 9.73902810e-01 9.36405128e-01 8.97482510e-01 8.57424899e-01 8.16520278e-01 7.75051322e-01 7.33292280e-01 6.91506129e-01 6.49942045e-01 6.08833204e-01 5.68394953e-01 5.28823346e-01 4.90294054e-01 4.52961654e-01 4.16959265e-01 3.82398534e-01 3.49369934e-01 3.17943344e-01 2.88168895e-01 2.60078023e-01
2.34084147e-01 2.60517763e-01 2.88651536e-01 3.18471458e-01 3.49946044e-01 3.83025086e-01 4.17638598e-01 4.53695970e-01 4.91085383e-01 5.29673516e-01 5.69305555e-01 6.09805561e-01 6.50977181e-01 6.92604740e-01 7.34454704e-01 7.76277518e-01 8.17809802e-01 8.58776889e-01 8.98895673e-01 9.37877731e-01 9.75432675e-01 1.01127168e+00 1.04511113e+00 1.07667632e+00 1.10570515e+00 1.13195171e+00 1.15518977e+00 1.17521603e+00 1.19185303e+00 1.20495181e+00 1.21439411e+00 1.22009417e+00 1.22200000e+00 1.22009417e+00 1.21439411e+00 1.20495181e+00 1.19185303e+00 1.17521603e+00 1.15518977e+00 1.13195171e+00 1.10570515e+00 1.07667632e+00 1.04511113e+00 1.01127168e+00 9.75432675e-01 9.37877731e-01 8.98895673e-01 8.58776889e-01 8.17809802e-01 7.76277518e-01 7.34454704e-01 6.92604740e-01 6.50977181e-01 6.09805561e-01 5.69305555e-01 5.29673516e-01 4.91085383e-01 4.53695970e-01 4.17638598e-01 3.83025086e-01 3.49946044e-01 3.18471458e-01 2.88651536e-01 2.60517763e-01
2.33684718e-01 2.60078023e-01 2.88168895e-01 3.17943344e-01 3.49369934e-01 3.82398534e-01 4.16959265e-01 4.52961654e-01 4.90294054e-01 5.28823346e-01 5.68394953e-01 6.08833204e-01 6.49942045e-01 6.91506129e-01 7.33292280e-01 7.75051322e-01 8.16520278e-01 8.57424899e-01 8.97482510e-01 9.36405128e-01 9.73902810e-01 1.00968717e+00 1.04347502e+00 1.07499208e+00 1.10397664e+00 1.13018318e+00 1.15338582e+00 1.17338154e+00 1.18999317e+00 1.20307198e+00 1.21249989e+00 1.21819125e+00 1.22009417e+00 1.21819125e+00 1.21249989e+00 1.20307198e+00 1.18999317e+00 1.17338154e+00 1.15338582e+00 1.13018318e+00 1.10397664e+00 1.07499208e+00 1.04347502e+00 1.00968717e+00 9.73902810e-01 9.36405128e-01 8.97482510e-01 8.57424899e-01 8.16520278e-01 7.75051322e-01 7.33292280e-01 6.91506129e-01 6.49942045e-01 6.08833204e-01 5.68394953e-01 5.28823346e-01 4.90294054e-01 4.52961654e-01 4.16959265e-01 3.82398534e-01 3.49369934e-01 3.17943344e-01 2.88168895e-01 2.60078023e-01
2.32490082e-01 2.58762825e-01 2.86725381e-01 3.16363827e-01 3.47646869e-01 3.80524605e-01 4.14927474e-01 4.50765417e-01 4.87927299e-01 5.26280606e-01 5.65671469e-01 6.05925018e-01 6.46846094e-01 6.88220336e-01 7.29815631e-01 7.71383942e-01 8.12663491e-01 8.53381283e-01 8.93255935e-01 9.32000779e-01 9.69327194e-01 1.00494811e+00 1.03858164e+00 1.06995476e+00 1.09880693e+00 1.12489378e+00 1.14799044e+00 1.16789483e+00 1.18443059e+00 1.19744967e+00 1.20683451e+00 1.21249989e+00 1.21439411e+00 1.21249989e+00 1.20683451e+00 1.19744967e+00 1.18443059e+00 1.16789483e+00 1.14799044e+00 1.12489378e+00 1.09880693e+00 1.06995476e+00 1.03858164e+00 1.00494811e+00 9.69327194e-01 9.32000779e-01 8.93255935e-01 8.53381283e-01 8.12663491e-01 7.71383942e-01 7.29815631e-01 6.88220336e-01 6.46846094e-01 6.05925018e-01 5.65671469e-01 5.26280606e-01 4.87927299e-01 4.50765417e-01 4.14927474e-01 3.80524605e-01 3.47646869e-01 3.16363827e-01 2.86725381e-01 2.58762825e-01
2.30511137e-01 2.56584165e-01 2.84334164e-01 3.13747316e-01 3.44792566e-01 3.77420390e-01 4.11561758e-01 4.47127294e-01 4.84006706e-01 5.22068489e-01 5.61159944e-01 6.01107529e-01 6.41717569e-01 6.82777332e-01 7.24056468e-01 7.65308826e-01 8.06274619e-01 8.46682925e-01 8.86254500e-01 9.24704855e-01 9.61747562e-01 9.97097737e-01 1.03047563e+00 1.06161028e+00 1.09024317e+00 1.11613174e+00 1.13905285e+00 1.15880595e+00 1.17521603e+00 1.18813615e+00 1.19744967e+00 1.20307198e+00 1.20495181e+00 1.20307198e+00 1.19744967e+00 1.18813615e+00 1.17521603e+00 1.15880595e+00 1.13905285e+00 1.11613174e+00 1.09024317e+00 1.06161028e+00 1.03047563e+00 9.97097737e-01 9.61747562e-01 9.24704855e-01 8.86254500e-01 8.46682925e-01 8.06274619e-01 7.65308826e-01 7.24056468e-01 6.82777332e-01 6.41717569e-01 6.01107529e-01 5.61159944e-01 5.22068489e-01 4.84006706e-01 4.47127294e-01 4.11561758e-01 3.77420390e-01 3.44792566e-01 3.13747316e-01 2.84334164e-01 2.56584165e-01
2.27765860e-01 2.53561835e-01 2.81016965e-01 3.10117581e-01 3.40832954e-01 3.73114091e-01 4.06892692e-01 4.42080331e-01 4.78567890e-01 5.16225259e-01 5.54901361e-01 5.94424499e-01 6.34603056e-01 6.75226559e-01 7.16067106e-01 7.56881160e-01 7.97411696e-01 8.37390669e-01 8.76541802e-01 9.14583629e-01 9.51232765e-01 9.86207352e-01 1.01923061e+00 1.05003447e+00 1.07836314e+00 1.10397664e+00 1.12665422e+00 1.14619746e+00 1.16243319e+00 1.17521603e+00 1.18443059e+00 1.18999317e+00 1.19185303e+00 1.18999317e+00 1.18443059e+00 1.17521603e+00 1.16243319e+00 1.14619746e+00 1.12665422e+00 1.10397664e+00 1.07836314e+00 1.05003447e+00 1.01923061e+00 9.86207352e-01 9.51232765e-01 9.14583629e-01 8.76541802e-01 8.37390669e-01 7.97411696e-01 7.56881160e-01 7.16067106e-01 6.75226559e-01 6.34603056e-01 5.94424499e-01 5.54901361e-01 5.16225259e-01 4.78567890e-01 4.42080331e-01 4.06892692e-01 3.73114091e-01 3.40832954e-01 3.10117581e-01 2.81016965e-01 2.53561835e-01
2.24279041e-01 2.49723125e-01 2.76803736e-01 3.05507392e-01 3.35803785e-01 3.67644587e-01 4.00962430e-01 4.35670096e-01 4.71659954e-01 5.08803669e-01 5.46952224e-01 5.85936265e-01 6.25566786e-01 6.65636187e-01 7.05919673e-01 7.46177031e-01 7.86154738e-01 8.25588407e-01 8.64205529e-01 9.01728477e-01 9.37877731e-01 9.72375276e-01 1.00494811e+00 1.03533182e+00 1.06327409e+00 1.08853824e+00 1.11090651e+00 1.13018318e+00 1.14619746e+00 1.15880595e+00 1.16789483e+00 1.17338154e+00 1.17521603e+00 1.17338154e+00 1.16789483e+00 1.15880595e+00 1.14619746e+00 1.13018318e+00 1.11090651e+00 1.08853824e+00 1.06327409e+00 1.03533182e+00 1.00494811e+00 9.72375276e-01 9.37877731e-01 9.01728477e-01 8.64205529e-01 8.25588407e-01 7.86154738e-01 7.46177031e-01 7.05919673e-01 6.65636187e-01 6.25566786e-01 5.85936265e-01 5.46952224e-01 5.08803669e-01 4.71659954e-01 4.35670096e-01 4.00962430e-01 3.67644587e-01 3.35803785e-01 3.05507392e-01 2.76803736e-01 2.49723125e-01
2.20081901e-01 2.45102408e-01 2.71732205e-01 2.99958033e-01 3.29750090e-01 3.61060852e-01 3.93824074e-01 4.27953987e-01 4.63344753e-01 4.99870173e-01 5.37383710e-01 5.75718828e-01 6.14689669e-01 6.54092087e-01 6.93705029e-01 7.33292280e-01 7.72604537e-01 8.11381814e-01 8.49356137e-01 8.86254500e-01 9.21802036e-01 9.55725358e-01 9.87756009e-01 1.01763397e+00 1.04511113e+00 1.06995476e+00 1.09195070e+00 1.11090651e+00 1.12665422e+00 1.13905285e+00 1.14799044e+00 1.15338582e+00 1.15518977e+00 1.15338582e+00 1.14799044e+00 1.13905285e+00 1.12665422e+00 1.11090651e+00 1.09195070e+00 1.06995476e+00 1.04511113e+00 1.01763397e+00 9.87756009e-01 9.55725358e-01 9.21802036e-01 8.86254500e-01 8.49356137e-01 8.11381814e-01 7.72604537e-01 7.33292280e-01 6.93705029e-01 6.54092087e-01 6.14689669e-01 5.75718828e-01 5.37383710e-01 4.99870173e-01 4.63344753e-01 4.27953987e-01 3.93824074e-01 3.61060852e-01 3.29750090e-01 2.99958033e-01 2.71732205e-01 2.45102408e-01
2.15211638e-01 2.39740633e-01 2.65847313e-01 2.93518679e-01 3.22725515e-01 3.53421230e-01 3.85540878e-01 4.19000379e-01 4.53695970e-01 4.89503931e-01 5.26280606e-01 5.63862727e-01 6.02068088e-01 6.40696552e-01 6.79531407e-01 7.18341079e-01 7.56881160e-01 7.94896772e-01 8.32125204e-01 8.68298810e-01 9.03148124e-01 9.36405128e-01 9.67806638e-01 9.97097737e-01 1.02403520e+00 1.04839085e+00 1.06995476e+00 1.08853824e+00 1.10397664e+00 1.11613174e+00 1.12489378e+00 1.13018318e+00 1.13195171e+00 1.13018318e+00 1.12489378e+00 1.11613174e+00 1.10397664e+00 1.08853824e+00 1.06995476e+00 1.04839085e+00 1.02403520e+00 9.97097737e-01 9.67806638e-01 9.36405128e-01 9.03148124e-01 8.68298810e-01 8.32125204e-01 7.94896772e-01 7.56881160e-01 7.18341079e-01 6.79531407e-01 6.40696552e-01 6.02068088e-01 5.63862727e-01 5.26280606e-01 4.89503931e-01 4.53695970e-01 4.19000379e-01 3.85540878e-01 3.53421230e-01 3.22725515e-01 2.93518679e-01 2.65847313e-01 2.39740633e-01
2.09710868e-01 2.33684718e-01 2.59200556e-01 2.86245677e-01 3.14791526e-01 3.44792566e-01 3.76185322e-01 4.08887614e-01 4.42798029e-01 4.77795648e-01 5.13740062e-01 5.50471699e-01 5.87812477e-01 6.25566786e-01 6.63522821e-01 7.01454244e-01 7.39122180e-01 7.76277518e-01 8.12663491e-01 8.48018511e-01 8.82079208e-01 9.14583629e-01 9.45274545e-01 9.73902810e-01 1.00023070e+00 1.02403520e+00 1.04511113e+00 1.06327409e+00 1.07836314e+00 1.09024317e+00 1.09880693e+00 1.10397664e+00 1.10570515e+00 1.10397664e+00 1.09880693e+00 1.09024317e+00 1.07836314e+00 1.06327409e+00 1.04511113e+00 1.02403520e+00 1.00023070e+00 9.73902810e-01 9.45274545e-01 9.14583629e-01 8.82079208e-01 8.48018511e-01 8.12663491e-01 7.76277518e-01 7.39122180e-01 7.01454244e-01 6.63522821e-01 6.25566786e-01 5.87812477e-01 5.50471699e-01 5.13740062e-01 4.77795648e-01 4.42798029e-01 4.08887614e-01 3.76185322e-01 3.44792566e-01 3.14791526e-01 2.86245677e-01 2.59200556e-01 2.33684718e-01
